0.815653
0.818534
0.998916
0.857873
0.511687
0.852502
0.827635
0.361934
0.737623
0.655635
0.683021
0.803347
0.968265
0.600486
0.715958
0.894974
0.666986
0.729781
0.736494
0.863349
0.747938
0.818416
0.795313
0.361501
0.53361
0.450824
1.5115
0.540409
0.92219
0.461365
0.675603
0.712038
0.94325
1.00699
0.809306
0.472449
0.649395
0.606146
0.624547
0.902735
0.973284
1.02282
0.450186
0.88196
0.817844
0.878871
0.596289
0.746576
1.01561
0.649007
0.523029
0.767617
0.507116
0.857873
1.5115
0.818534
0.827635
0.968265
0.475425
0.328379
0.635123
0.691963
0.292709
0.617889
0.359185
0.375795
0.524451
0.566306
0.593499
0.863349
0.530009
0.277704
0.682848
0.707161
0.92219
0.0269652
0.655635
0.795313
0.715958
1.00699
0.587765
0.736494
0.94325
0.747938
0.438297
0.754334
1.10406
0.666812
0.28147
0.504316
0.493885
0.182227
0.600486
0.220196
0.511687
1.02282
0.809306
0.973284
1.03991
0.303292
0.712038
0.902735
1.01561
1.11919
0.672767
0.88196
0.663682
0.649395
0.53361
0.968265
0.553176
0.540409
0.746576
0.43432
0.624547
0.818534
0.361552
0.221372
0.829692
0.387356
1.16769
0.169211
0.777146
0.649007
1.10406
0.782179
0.448646
0.92219
0.596289
0.864361
0.691963
0.861324
0.831752
0.314926
0.0445365
0.214386
0.635123
0.795313
1.23315
1.02282
0.442398
1.11966
0.617889
0.864384
0.523029
0.794366
0.788741
0.747938
1.01561
0.715958
0.680909
0.507116
0.586304
0.528523
0.361501
0.322183
0.302507
0.566306
0.603193
0.450186
1.06915
0.550505
0.17137
0.109483
0.666812
0.277729
0.72409
0.744235
0.524451
0.409691
1.16769
0.519387
0.486728
0.0893854
0.672767
1.10406
0.0341223
0.600486
0.104935
1.31396
0.301196
0.829692
0.746576
0.663682
0.977149
0.92219
0.488958
0.576737
0.649395
1.11966
0.762456
1.40818
0.82927
1.02282
0.864361
0.861324
0.372019
0.438297
0.883012
0.984387
0.872497
1.17053
0.795313
0.853762
0.649007
0.423752
0.674595
1.10785
0.794366
0.670558
0.494173
0.328379
0.563551
0.561324
1.31396
0.0392953
0.352985
0.634878
1.07284
0.545029
0.28497
0.680909
1.18206
0.744235
0.72409
0.666812
0.977149
0.288867
1.52157
0.586304
0.603193
0.92219
0.387228
0.829692
1.02282
0.523029
0.448646
0.566306
1.17053
0.666496
0.672767
0.972319
0.79789
0.798663
0.225133
0.849499
0.861324
0.507116
0.883012
0.439139
0.277704
0.872497
0.442398
0.564673
0.572213
0.587252
0.799281
0.611992
0.853762
0.208108
0.413665
0.649395
0.28147
0.795313
1.07284
0.776639
1.52157
0.370116
0.0735756
1.18206
0.893567
0.486728
0.918507
0.357582
0.576737
0.128727
0.427297
0.649007
0.674595
0.23259
1.19494
0.714847
0.409691
0.965081
1.02282
0.361501
0.32894
0.694371
0.462523
0.680909
0.905595
0.565089
0.536896
1.02959
0.72409
0.972319
0.895614
1.52157
0.0920639
0.249413
0.716633
0.884297
0.883012
0.797342
0.79789
1.21495
0.798663
0.838386
1.18206
1.07284
0.531796
0.376862
0.590909
0.673412
0.302507
0.603193
0.853762
0.672767
0.610954
0.799281
1.02475
0.423752
1.18769
0.279319
0.632682
0.238622
0.572822
0.776639
1.52157
0.965081
0.262291
0.173434
0.649395
0.611992
0.347012
1.20006
0.246705
0.499873
0.972319
0.901446
0.75375
0.448646
0.714847
1.18206
1.24375
0.352985
1.14833
1.07284
0.833107
0.576737
0.44619
0.548592
0.0528879
0.317022
0.884297
0.99063
0.694371
0.439139
1.18769
1.49156
0.72409
0.442398
0.680909
0.212511
0.838386
1.02475
0.797342
0.79789
0.539647
0.897705
0.596062
0.201239
0.697476
0.834059
0.200775
1.20006
0.977042
0.669121
0.536896
1.13041
0.673412
0.90935
0.0894109
0.357194
1.24375
0.619126
0.937932
0.791546
0.978573
1.14833
0.462523
0.596939
0.296328
0.220629
1.07284
0.409691
0.288867
0.811497
1.18769
1.11387
0.621824
0.553486
0.847105
0.572822
0.833107
0.884297
1.02475
0.72474
0.788538
0.0423553
0.584044
0.897705
0.838386
0.86597
0.500076
0.778204
0.703762
0.81026
0.914026
0.169352
1.31052
0.791033
0.882672
0.977042
0.834059
0.798779
0.150008
0.413776
0.32894
0.26612
0.744034
1.14833
0.90935
0.220833
0.576737
0.755501
0.169986
1.18769
0.32758
0.978573
0.937932
0.864336
0.348544
0.854377
0.215323
0.408072
0.185449
0.455503
0.172523
0.791546
0.673412
0.824836
0.994952
0.679833
0.499293
0.811497
0.473845
0.847105
0.336469
1.31052
0.108739
0.576403
0.833107
0.619126
0.743227
0.993471
0.430917
0.536896
0.788538
0.897705
0.303372
0.596939
1.07279
0.977042
1.14833
0.914026
0.838386
0.174164
0.322798
1.18769
0.373673
0.512979
0.514509
0.631555
0.81026
1.47292
0.273409
0.556239
0.352985
0.713567
1.34662
0.633545
0.90935
0.442876
0.231623
0.304129
0.562233
0.703762
0.541184
0.199431
0.287506
0.664953
0.262904
0.121412
1.31052
0.444508
0.994952
0.854377
0.501045
0.138605
0.783219
0.837823
0.409701
1.78559
0.550933
0.847105
0.500076
1.17136
0.993471
1.42057
0.564709
1.07279
0.173769
1.17047
0.977042
0.679833
0.469205
0.698818
0.862723
0.931795
0.595605
0.249335
0.788538
0.898711
0.839097
0.278002
1.31052
0.387089
0.657636
1.78559
0.44558
1.32445
0.518784
0.105984
0.576403
0.707782
0.994952
0.499293
0.112072
0.871618
0.290251
1.42057
0.713567
1.17136
1.30575
0.405731
0.277566
0.772176
1.19917
0.350317
0.660163
0.438863
0.546899
1.78559
0.837823
1.34497
0.713745
0.783219
0.831054
0.847105
0.562233
1.485
0.730835
0.338468
0.99751
0.337404
0.348544
0.862723
0.606805
1.42057
0.836386
0.839097
0.41175
0.311919
1.78559
0.679833
0.704497
0.190683
0.498199
0.994952
1.17136
0.478389
0.550933
0.336469
0.564709
0.599444
0.598795
1.34497
0.871618
0.588078
0.902429
0.0674115
0.656785
0.6633
0.459429
1.485
0.595605
0.167702
0.657636
0.625207
0.707782
0.805476
0.35422
1.78559
0.48243
0.33909
0.644962
0.837823
0.469205
0.99751
0.948593
0.328881
1.53642
0.750889
1.05028
0.518784
0.862723
0.714202
0.5866
0.713745
1.17136
0.772603
0.268883
1.34497
1.28801
0.60214
0.836386
0.421904
0.839097
0.359313
1.05114
0.769899
0.375557
1.41432
0.353616
0.684212
0.0784248
0.259952
0.871618
1.27419
0.47036
0.11126
0.352578
0.265849
0.215323
0.33221
0.531113
0.8861
1.42397
0.41522
0.179855
0.539041
0.99751
0.62333
1.34497
0.948593
0.739313
1.28801
1.19571
1.37188
0.6633
1.05028
1.13046
0.657636
0.837823
0.6721
0.598795
0.352352
0.625207
0.564709
0.588078
0.595605
0.862723
0.62791
1.41432
0.148293
0.231623
0.350317
1.27419
0.723678
0.301561
1.42397
0.0987663
0.280042
0.227657
0.441368
0.593717
1.06001
1.37188
0.344347
0.47476
1.28801
0.871618
0.506784
0.769899
0.270054
0.356227
0.5866
1.19571
0.711834
0.60214
1.32252
0.99751
0.249335
0.20707
1.41432
0.948593
0.684212
1.02504
1.4844
0.722591
0.898248
1.09506
0.126891
0.739313
0.355453
0.336469
0.35822
0.850157
1.37188
1.14298
0.16984
0.511317
0.62333
1.33714
0.63865
0.3656
0.35422
0.137778
0.6721
1.06001
1.32252
0.506171
0.531113
1.19571
1.64565
0.857803
0.486009
0.841601
0.539041
0.625207
0.33909
0.598795
0.10156
0.610999
0.62791
0.62345
0.723678
0.0826139
0.72771
0.99751
0.861598
0.564709
0.948593
1.02504
0.306171
1.37188
1.09506
0.41522
0.711834
1.64565
0.347711
0.898248
1.14298
0.118041
0.593717
1.32252
0.700712
0.626134
0.677897
1.29324
0.352578
0.60214
0.935389
0.850157
1.06001
0.722591
0.221226
0.739313
0.235428
0.506784
0.33221
0.605504
0.857803
0.16491
0.47476
1.63991
0.99751
0.268883
0.651083
0.841601
0.299154
0.441368
1.34694
0.551475
0.140881
0.6721
0.861598
0.829539
0.782288
0.627372
0.62333
1.32504
0.948593
0.836929
2.03691
1.29324
0.723678
0.461854
0.62791
0.598795
0.898248
0.511317
0.610999
0.178169
1.63991
0.299003
0.531113
0.226222
0.935389
0.539041
0.506171
0.356227
0.344347
2.03691
0.711834
0.564709
0.528006
0.526846
0.824536
0.589376
0.301561
0.954647
0.700712
1.07236
0.262776
0.749977
0.814104
0.674488
1.02238
0.544767
1.29324
0.739313
0.626134
0.134673
0.841601
0.321419
1.63991
0.941784
0.402369
1.13934
0.0857534
0.34846
0.861598
0.377356
1.87939
0.782288
0.606978
0.593234
1.20131
0.651083
0.605504
0.206402
0.6721
0.898248
1.10996
0.599426
0.723678
0.115383
0.331158
0.627372
0.33909
0.253924
1.60423
0.506784
1.13989
1.29324
0.551475
1.87939
1.07236
0.252279
0.260997
0.675037
1.02238
0.824536
0.636154
0.711834
1.13934
0.625868
0.347711
0.748722
0.941784
1.186
0.749977
0.700712
0.890589
0.834792
0.63218
0.379382
1.82267
0.941902
0.718369
0.861598
0.532261
0.674488
0.454759
0.539041
1.10996
0.554676
0.875624
1.50202
1.13989
0.730457
0.348024
0.0242559
1.07236
0.33221
0.421205
1.15933
0.39919
0.1643
0.196354
1.82267
1.02523
0.352671
0.637768
0.651083
1.07338
0.449091
0.359058
0.679013
0.606978
1.186
0.593234
0.376576
0.605504
0.872265
0.657731
0.532411
1.50202
0.627372
0.31403
0.7697
0.881368
0.890589
0.675037
0.941902
0.300984
1.82267
0.711834
0.912284
1.13989
0.861598
0.875265
0.636154
0.357365
0.848211
0.396277
1.04929
0.44143
0.625868
0.718369
0.225706
0.71752
0.299003
0.729001
0.796247
1.50202
0.351632
0.842467
0.43262
1.07338
1.186
0.544979
0.730457
0.483754
0.497955
0.168734
0.0686314
0.34846
0.826931
0.165607
0.346946
1.27774
0.637574
0.313485
0.288675
0.457396
0.872232
0.554676
0.886422
0.497644
0.359925
0.727377
1.05383
0.743778
0.320163
0.941902
0.679013
0.651083
0.890589
1.50202
0.393164
0.79092
0.865448
0.454759
0.935345
1.04929
0.657731
0.861598
0.571231
1.08971
1.18135
0.888368
0.469458
1.07338
0.627372
0.308464
0.675037
0.479582
0.246037
1.27774
0.688351
0.239589
0.6394
0.347711
0.2012
0.842467
0.636154
0.718369
0.64181
0.421205
0.71752
1.07817
0.734491
0.257608
1.05383
0.879883
0.886422
0.681917
0.577439
0.971281
0.524707
0.941902
1.32655
1.18135
1.04929
1.01441
0.342628
1.08971
1.27774
0.727377
0.935345
0.71617
1.10234
0.376576
0.637574
0.865448
0.352671
0.375636
0.79092
0.861598
0.888368
0.663292
0.169707
0.651083
0.497955
0.554676
0.117644
0.483754
0.524646
0.175327
0.247326
1.0567
0.161836
0.396277
0.211112
0.43262
0.842467
0.179563
0.591847
0.916822
1.32655
0.748216
0.722019
1.74584
0.627372
1.18135
0.571231
0.50696
0.162672
0.971281
0.432348
0.859144
0.71752
0.734491
0.6394
0.0912694
1.02168
1.01441
0.232449
1.32315
0.679165
1.10234
0.151335
0.357121
0.732014
0.581246
0.935345
0.293333
0.721017
1.4136
0.104542
0.681917
0.758072
0.636287
0.34846
0.479582
0.861598
0.264682
0.0371552
1.49679
0.393164
0.727377
1.32655
1.0567
0.359925
0.154987
0.71617
0.299003
0.577439
0.859616
0.980725
1.18135
0.198699
0.637574
0.313485
1.26847
0.140255
0.842467
0.90574
0.320163
0.581466
1.10234
0.651083
1.37117
1.01441
0.358401
0.652764
0.201881
0.825907
0.748216
1.49679
0.869333
0.736883
0.175186
0.809836
0.402392
1.32655
0.935345
0.554676
