      -0.99   -0.733041    0.577404   -0.175785  -0.0237732   -0.556142   -0.871681    0.259269    0.335276    0.782754
    -0.9667   -0.729158    0.643597   -0.268871   -0.113081   -0.550202   -0.837451    0.160809    0.311959    0.696123
  -0.943401   -0.725275     0.70979   -0.361956   -0.202389   -0.544262   -0.803221   0.0623483    0.288642    0.609491
  -0.920101   -0.721391    0.775983   -0.455042   -0.291696   -0.538322   -0.768991  -0.0361121    0.265325     0.52286
  -0.896802   -0.717508    0.842176   -0.548128   -0.381004   -0.532382   -0.734761   -0.134572    0.242009    0.436228
  -0.873502   -0.713625    0.908369   -0.641213   -0.470312   -0.526442   -0.700532   -0.233033    0.218692    0.349597
  -0.850203   -0.709741    0.974562   -0.734299   -0.559619   -0.520501   -0.666302   -0.331493    0.195375    0.262965
  -0.826903   -0.705858        0.99   -0.827384   -0.648927   -0.514561   -0.632072   -0.429954    0.172058    0.176333
  -0.803603   -0.701975    0.923807    -0.92047   -0.738235   -0.508621   -0.597842   -0.528414    0.148741   0.0897019
  -0.780304   -0.698091    0.857614       -0.99   -0.827542   -0.502681   -0.563612   -0.626874    0.125424  0.00307031
  -0.757004   -0.694208    0.791421   -0.896914    -0.91685   -0.496741   -0.529382   -0.725335    0.102107  -0.0835612
  -0.733705   -0.690325    0.725228   -0.803829       -0.99   -0.490801   -0.495152   -0.823795   0.0787904   -0.170193
  -0.710405   -0.686441    0.659035   -0.710743   -0.900692   -0.484861   -0.460922   -0.922255   0.0554736   -0.256824
  -0.687106   -0.682558    0.592842   -0.617658   -0.811385   -0.478921   -0.426693       -0.99   0.0321567   -0.343456
  -0.663806   -0.678675    0.526649   -0.524572   -0.722077   -0.472981   -0.392463    -0.89154   0.0088398   -0.430088
  -0.640506   -0.674792    0.460456   -0.431486   -0.632769   -0.467041   -0.358233   -0.793079  -0.0144771   -0.516719
  -0.617207   -0.670908    0.394263   -0.338401   -0.543462   -0.461101   -0.324003   -0.694619  -0.0377939   -0.603351
  -0.593907   -0.667025    0.328069   -0.245315   -0.454154   -0.455161   -0.289773   -0.596159  -0.0611108   -0.689982
  -0.570608   -0.663142    0.261876    -0.15223   -0.364846   -0.449221   -0.255543   -0.497698  -0.0844277   -0.776614
  -0.547308   -0.659258    0.195683  -0.0591441   -0.275539   -0.443281   -0.221313   -0.399238   -0.107745   -0.863245
  -0.524009   -0.655375     0.12949   0.0339414   -0.186231   -0.437341   -0.187083   -0.300777   -0.131061   -0.949877
  -0.500709   -0.651492   0.0632972    0.127027  -0.0969233   -0.431401   -0.152854   -0.202317   -0.154378       -0.99
  -0.477409   -0.647608 -0.00289588    0.220113 -0.00761567   -0.425461   -0.118624   -0.103857   -0.177695   -0.903368
   -0.45411   -0.643725  -0.0690889    0.313198    0.081692   -0.419521  -0.0843938 -0.00539626   -0.201012   -0.816737
   -0.43081   -0.639842   -0.135282    0.406284       0.171   -0.413581  -0.0501639   0.0930641   -0.224329   -0.730105
  -0.407511   -0.635959   -0.201475    0.499369    0.260307   -0.407641  -0.0159341    0.191524   -0.247646   -0.643474
  -0.384211   -0.632075   -0.267668    0.592455    0.349615   -0.401701   0.0182958    0.289985   -0.270963   -0.556842
  -0.360911   -0.628192   -0.333861     0.68554    0.438923   -0.395761   0.0525257    0.388445    -0.29428   -0.470211
  -0.337612   -0.624309   -0.400054    0.778626     0.52823    -0.38982   0.0867556    0.486906   -0.317596   -0.383579
  -0.314312   -0.620425   -0.466247    0.871712    0.617538    -0.38388    0.120985    0.585366   -0.340913   -0.296948
  -0.291013   -0.616542    -0.53244    0.964797    0.706846    -0.37794    0.155215    0.683826    -0.36423   -0.210316
  -0.267713   -0.612659   -0.598633        0.99    0.796153      -0.372    0.189445    0.782287   -0.387547   -0.123685
  -0.244414   -0.608775   -0.664827    0.896914    0.885461    -0.36606    0.223675    0.880747   -0.410864  -0.0370529
  -0.221114   -0.604892    -0.73102    0.803829    0.974769    -0.36012    0.257905    0.979207   -0.434181   0.0495786
  -0.197814   -0.601009   -0.797213    0.710743        0.99    -0.35418    0.292135        0.99   -0.457498     0.13621
  -0.174515   -0.597126   -0.863406    0.617658    0.900692    -0.34824    0.326365     0.89154   -0.480814    0.222842
  -0.151215   -0.593242   -0.929599    0.524572    0.811385     -0.3423    0.360595    0.793079   -0.504131    0.309473
  -0.127916   -0.589359       -0.99    0.431486    0.722077    -0.33636    0.394824    0.694619   -0.527448    0.396105
  -0.104616   -0.585476   -0.923807    0.338401    0.632769    -0.33042    0.429054    0.596159   -0.550765    0.482736
 -0.0813165   -0.581592   -0.857614    0.245315    0.543462    -0.32448    0.463284    0.497698   -0.574082    0.569368
 -0.0580169   -0.577709   -0.791421     0.15223    0.454154    -0.31854    0.497514    0.399238   -0.597399       0.656
 -0.0347173   -0.573826   -0.725228   0.0591441    0.364846     -0.3126    0.531744    0.300777   -0.620716    0.742631
 -0.0114177   -0.569942   -0.659035  -0.0339414    0.275539    -0.30666    0.565974    0.202317   -0.644032    0.829263
  0.0118819   -0.566059   -0.592842   -0.127027    0.186231    -0.30072    0.600204    0.103857   -0.667349    0.915894
  0.0351815   -0.562176   -0.526649   -0.220113   0.0969233    -0.29478    0.634434  0.00539626   -0.690666        0.99
  0.0584811   -0.558293   -0.460456   -0.313198  0.00761567    -0.28884    0.668663  -0.0930641   -0.713983    0.903368
  0.0817806   -0.554409   -0.394263   -0.406284   -0.081692     -0.2829    0.702893   -0.191524     -0.7373    0.816737
    0.10508   -0.550526   -0.328069   -0.499369      -0.171    -0.27696    0.737123   -0.289985   -0.760617    0.730105
    0.12838   -0.546643   -0.261876   -0.592455   -0.260307   -0.271019    0.771353   -0.388445   -0.783934    0.643474
   0.151679   -0.542759   -0.195683    -0.68554   -0.349615   -0.265079    0.805583   -0.486906    -0.80725    0.556842
   0.174979   -0.538876    -0.12949   -0.778626   -0.438923   -0.259139    0.839813   -0.585366   -0.830567    0.470211
   0.198279   -0.534993  -0.0632972   -0.871712    -0.52823   -0.253199    0.874043   -0.683826   -0.853884    0.383579
   0.221578   -0.531109  0.00289588   -0.964797   -0.617538   -0.247259    0.908273   -0.782287   -0.877201    0.296948
   0.244878   -0.527226   0.0690889       -0.99   -0.706846   -0.241319    0.942502   -0.880747   -0.900518    0.210316
   0.268177   -0.523343    0.135282   -0.896914   -0.796153   -0.235379    0.976732   -0.979207   -0.923835    0.123685
   0.291477   -0.519459    0.201475   -0.803829   -0.885461   -0.229439        0.99       -0.99   -0.947152   0.0370529
   0.314777   -0.515576    0.267668   -0.710743   -0.974769   -0.223499     0.95577    -0.89154   -0.970469  -0.0495786
   0.338076   -0.511693    0.333861   -0.617658       -0.99   -0.217559     0.92154   -0.793079       -0.99    -0.13621
   0.361376    -0.50781    0.400054   -0.524572   -0.900692   -0.211619     0.88731   -0.694619   -0.966683   -0.222842
   0.384675   -0.503926    0.466247   -0.431486   -0.811385   -0.205679    0.853081   -0.596159   -0.943366   -0.309473
   0.407975   -0.500043     0.53244   -0.338401   -0.722077   -0.199739    0.818851   -0.497698   -0.920049   -0.396105
   0.431274    -0.49616    0.598633   -0.245315   -0.632769   -0.193799    0.784621   -0.399238   -0.896733   -0.482736
   0.454574   -0.492276    0.664827    -0.15223   -0.543462   -0.187859    0.750391   -0.300777   -0.873416   -0.569368
   0.477874   -0.488393     0.73102  -0.0591441   -0.454154   -0.181919    0.716161   -0.202317   -0.850099      -0.656
   0.501173    -0.48451    0.797213   0.0339414   -0.364846   -0.175979    0.681931   -0.103857   -0.826782   -0.742631
   0.524473   -0.480627    0.863406    0.127027   -0.275539   -0.170039    0.647701 -0.00539626   -0.803465   -0.829263
   0.547772   -0.476743    0.929599    0.220113   -0.186231   -0.164099    0.613471   0.0930641   -0.780148   -0.915894
   0.571072    -0.47286        0.99    0.313198  -0.0969233   -0.158159    0.579242    0.191524   -0.756831       -0.99
   0.594371   -0.468977    0.923807    0.406284 -0.00761567   -0.152218    0.545012    0.289985   -0.733515   -0.903368
   0.617671   -0.465094    0.857614    0.499369    0.081692   -0.146278    0.510782    0.388445   -0.710198   -0.816737
   0.640971    -0.46121    0.791421    0.592455       0.171   -0.140338    0.476552    0.486906   -0.686881   -0.730105
    0.66427   -0.457327    0.725228     0.68554    0.260307   -0.134398    0.442322    0.585366   -0.663564   -0.643474
    0.68757   -0.453444    0.659035    0.778626    0.349615   -0.128458    0.408092    0.683826   -0.640247   -0.556842
   0.710869    -0.44956    0.592842    0.871712    0.438923   -0.122518    0.373862    0.782287    -0.61693   -0.470211
   0.734169   -0.445677    0.526649    0.964797     0.52823   -0.116578    0.339632    0.880747   -0.593613   -0.383579
   0.757468   -0.441794    0.460456        0.99    0.617538   -0.110638    0.305403    0.979207   -0.570297   -0.296948
   0.780768   -0.437911    0.394263    0.896914    0.706846   -0.104698    0.271173        0.99    -0.54698   -0.210316
   0.804068   -0.434027    0.328069    0.803829    0.796153  -0.0987581    0.236943     0.89154   -0.523663   -0.123685
   0.827367   -0.430144    0.261876    0.710743    0.885461   -0.092818    0.202713    0.793079   -0.500346  -0.0370529
   0.850667   -0.426261    0.195683    0.617658    0.974769   -0.086878    0.168483    0.694619   -0.477029   0.0495786
   0.873966   -0.422378     0.12949    0.524572        0.99   -0.080938    0.134253    0.596159   -0.453712     0.13621
   0.897266   -0.418494   0.0632972    0.431486    0.900692  -0.0749979    0.100023    0.497698   -0.430395    0.222842
   0.920565   -0.414611 -0.00289588    0.338401    0.811385  -0.0690579   0.0657934    0.399238   -0.407079    0.309473
   0.943865   -0.410728  -0.0690889    0.245315    0.722077  -0.0631178   0.0315635    0.300777   -0.383762    0.396105
   0.967165   -0.406844   -0.135282     0.15223    0.632769  -0.0571778 -0.00266635    0.202317   -0.360445    0.482736
       0.99   -0.402961   -0.201475   0.0591441    0.543462  -0.0512377  -0.0368962    0.103857   -0.337128    0.569368
     0.9667   -0.399078   -0.267668  -0.0339414    0.454154  -0.0452977  -0.0711261  0.00539626   -0.313811       0.656
   0.943401   -0.395195   -0.333861   -0.127027    0.364846  -0.0393577   -0.105356  -0.0930641   -0.290494    0.742631
   0.920101   -0.391311   -0.400054   -0.220113    0.275539  -0.0334176   -0.139586   -0.191524   -0.267177    0.829263
   0.896802   -0.387428   -0.466247   -0.313198    0.186231  -0.0274776   -0.173816   -0.289985    -0.24386    0.915894
   0.873502   -0.383545    -0.53244   -0.406284   0.0969233  -0.0215375   -0.208046   -0.388445   -0.220544        0.99
   0.850203   -0.379662   -0.598633   -0.499369  0.00761567  -0.0155975   -0.242275   -0.486906   -0.197227    0.903368
   0.826903   -0.375778   -0.664827   -0.592455   -0.081692 -0.00965744   -0.276505   -0.585366    -0.17391    0.816737
   0.803603   -0.371895    -0.73102    -0.68554      -0.171 -0.00371739   -0.310735   -0.683826   -0.150593    0.730105
   0.780304   -0.368012   -0.797213   -0.778626   -0.260307  0.00222265   -0.344965   -0.782287   -0.127276    0.643474
   0.757004   -0.364128   -0.863406   -0.871712   -0.349615   0.0081627   -0.379195   -0.880747   -0.103959    0.556842
   0.733705   -0.360245   -0.929599   -0.964797   -0.438923   0.0141027   -0.413425   -0.979207  -0.0806423    0.470211
   0.710405   -0.356362       -0.99       -0.99    -0.52823   0.0200428   -0.447655       -0.99  -0.0573255    0.383579
   0.687106   -0.352479   -0.923807   -0.896914   -0.617538   0.0259828   -0.481885    -0.89154  -0.0340086    0.296948
   0.663806   -0.348595   -0.857614   -0.803829   -0.706846   0.0319229   -0.516114   -0.793079  -0.0106917    0.210316
   0.640506   -0.344712   -0.791421   -0.710743   -0.796153   0.0378629   -0.550344   -0.694619   0.0126252    0.123685
   0.617207   -0.340829   -0.725228   -0.617658   -0.885461    0.043803   -0.584574   -0.596159    0.035942   0.0370529
   0.593907   -0.336946   -0.659035   -0.524572   -0.974769    0.049743   -0.618804   -0.497698   0.0592589  -0.0495786
   0.570608   -0.333062   -0.592842   -0.431486       -0.99    0.055683   -0.653034   -0.399238   0.0825758    -0.13621
   0.547308   -0.329179   -0.526649   -0.338401   -0.900692   0.0616231   -0.687264   -0.300777    0.105893   -0.222842
   0.524009   -0.325296   -0.460456   -0.245315   -0.811385   0.0675631   -0.721494   -0.202317     0.12921   -0.309473
   0.500709   -0.321412   -0.394263    -0.15223   -0.722077   0.0735032   -0.755724   -0.103857    0.152526   -0.396105
   0.477409   -0.317529   -0.328069  -0.0591441   -0.632769   0.0794432   -0.789953 -0.00539626    0.175843   -0.482736
    0.45411   -0.313646   -0.261876   0.0339414   -0.543462   0.0853833   -0.824183   0.0930641     0.19916   -0.569368
    0.43081   -0.309763   -0.195683    0.127027   -0.454154   0.0913233   -0.858413    0.191524    0.222477      -0.656
   0.407511   -0.305879    -0.12949    0.220113   -0.364846   0.0972633   -0.892643    0.289985    0.245794   -0.742631
   0.384211   -0.301996  -0.0632972    0.313198   -0.275539    0.103203   -0.926873    0.388445    0.269111   -0.829263
   0.360911   -0.298113  0.00289588    0.406284   -0.186231    0.109143   -0.961103    0.486906    0.292428   -0.915894
   0.337612    -0.29423   0.0690889    0.499369  -0.0969233    0.115083       -0.99    0.585366    0.315744       -0.99
   0.314312   -0.290346    0.135282    0.592455 -0.00761567    0.121024    -0.95577    0.683826    0.339061   -0.903368
   0.291013   -0.286463    0.201475     0.68554    0.081692    0.126964    -0.92154    0.782287    0.362378   -0.816737
   0.267713    -0.28258    0.267668    0.778626       0.171    0.132904    -0.88731    0.880747    0.385695   -0.730105
   0.244414   -0.278696    0.333861    0.871712    0.260307    0.138844   -0.853081    0.979207    0.409012   -0.643474
   0.221114   -0.274813    0.400054    0.964797    0.349615    0.144784   -0.818851        0.99    0.432329   -0.556842
   0.197814    -0.27093    0.466247        0.99    0.438923    0.150724   -0.784621     0.89154    0.455646   -0.470211
   0.174515   -0.267047    0.538981    0.896914     0.52169    0.156664   -0.750391    0.793079    0.478963   -0.383579
   0.151215   -0.263163    0.571538    0.803829    0.498374    0.162604   -0.716161    0.694619    0.502279   -0.296948
   0.127916    -0.25928    0.604095    0.710743    0.475059    0.168544   -0.681931    0.596159    0.525596   -0.210316
   0.104616   -0.255397    0.636652    0.617658    0.451743    0.174484   -0.647701    0.497698    0.548913   -0.123685
  0.0813165   -0.251514    0.669209    0.524572    0.428428    0.180424   -0.613471    0.399238     0.57223  -0.0370529
  0.0580169    -0.24763    0.701766    0.431486    0.405112    0.186364   -0.579242    0.300777    0.595547   0.0495786
  0.0347173   -0.243747    0.734322    0.338401    0.381797    0.192304   -0.545012    0.202317    0.618864     0.13621
  0.0114177   -0.239864    0.766879    0.245315    0.358481    0.198244   -0.510782    0.103857    0.642181    0.222842
 -0.0118819    -0.23598    0.799436     0.15223    0.335166    0.204184   -0.476552  0.00539626    0.665497    0.309473
 -0.0351815   -0.232097    0.831993   0.0591441    0.311851    0.210124   -0.442322  -0.0930641    0.688814    0.396105
 -0.0584811   -0.228214     0.86455  -0.0339414    0.288535    0.216064   -0.408092   -0.191524    0.712131    0.482736
 -0.0817806   -0.224331    0.897107   -0.127027     0.26522    0.222004   -0.373862   -0.289985    0.735448    0.569368
   -0.10508   -0.220447    0.929664   -0.220113    0.241904    0.227944   -0.339632   -0.388445    0.758765       0.656
   -0.12838   -0.216564    0.962221   -0.313198    0.218589    0.233884   -0.305403   -0.486906    0.782082    0.742631
  -0.151679   -0.212681        0.99   -0.406284    0.195273    0.239825   -0.271173   -0.585366    0.805399    0.829263
  -0.174979   -0.208798    0.957443   -0.499369    0.171958    0.245765   -0.236943   -0.683826    0.828715    0.915894
  -0.183803   -0.204914    0.924886   -0.592455    0.148642    0.251705   -0.217188   -0.782287    0.852032        0.99
  -0.148687   -0.201031    0.892329    -0.68554    0.125327    0.257645    -0.25622   -0.880747    0.875349    0.903368
  -0.113571   -0.197148    0.859772   -0.778626    0.102011    0.263585   -0.295251   -0.979207    0.898666    0.816737
 -0.0784553   -0.193264    0.827216   -0.871712   0.0786959    0.269525   -0.334283       -0.99    0.921983    0.730105
 -0.0433393   -0.189381    0.794659   -0.964797   0.0553805    0.275465   -0.373314    -0.89154      0.9453    0.643474
 -0.0082233   -0.185498    0.762102       -0.99    0.032065    0.281405   -0.412346   -0.793079    0.968617    0.556842
  0.0268927   -0.181615    0.729545   -0.896914  0.00874958    0.287345   -0.451377   -0.694619        0.99    0.470211
  0.0620087   -0.177731    0.696988   -0.803829  -0.0145659    0.293285   -0.490409   -0.596159    0.966683    0.383579
  0.0971246   -0.173848    0.664431   -0.710743  -0.0378813    0.299225    -0.52944   -0.497698    0.943366    0.296948
   0.132241   -0.169965    0.631874   -0.617658  -0.0611968    0.305165   -0.568472   -0.399238    0.920049    0.210316
   0.167357   -0.166082    0.599317   -0.524572  -0.0845122    0.311105   -0.607503   -0.300777    0.896733    0.123685
   0.202473   -0.162198     0.56676   -0.431486   -0.107828    0.317045   -0.646535   -0.202317    0.873416   0.0370529
   0.237589   -0.158315    0.534204   -0.338401   -0.131143    0.322985   -0.685566   -0.103857    0.850099  -0.0495786
   0.272705   -0.154432    0.501647   -0.245315   -0.154459    0.328925   -0.724598 -0.00539626    0.826782    -0.13621
   0.307821   -0.150548     0.46909    -0.15223   -0.177774    0.334865   -0.763629   0.0930641    0.803465   -0.222842
   0.342937   -0.146665    0.436533  -0.0591441    -0.20109    0.340805   -0.802661    0.191524    0.780148   -0.309473
   0.378053   -0.142782    0.403976   0.0339414   -0.224405    0.346745   -0.841692    0.289985    0.756831   -0.396105
   0.413169   -0.138899    0.371419    0.127027    -0.24772    0.352685   -0.880724    0.388445    0.733515   -0.482736
   0.448285   -0.135015    0.338862    0.220113   -0.271036    0.358626   -0.919755    0.486906    0.710198   -0.569368
     0.4834   -0.131132    0.306305    0.313198   -0.294351    0.364566   -0.958787    0.585366    0.686881      -0.656
   0.518516   -0.127249    0.273748    0.406284   -0.317667    0.370506       -0.99    0.683826    0.663564   -0.742631
   0.553632   -0.123366    0.241191    0.499369   -0.340982    0.376446   -0.950969    0.782287    0.640247   -0.829263
   0.588748   -0.119482    0.208635    0.592455   -0.364298    0.382386   -0.911937    0.880747     0.61693   -0.915894
   0.623864   -0.115599    0.176078     0.68554   -0.387613    0.388326   -0.872905    0.979207    0.593613       -0.99
    0.65898   -0.111716    0.143521    0.778626   -0.410929    0.394266   -0.833874        0.99    0.570297   -0.903368
   0.694096   -0.107832    0.110964    0.871712   -0.434244    0.400206   -0.794842     0.89154     0.54698   -0.816737
   0.729212   -0.103949    0.078407    0.964797    -0.45756    0.406146   -0.755811    0.793079    0.523663   -0.730105
   0.764328   -0.100066   0.0458501        0.99   -0.480875    0.412086   -0.716779    0.694619    0.500346   -0.643474
   0.799444  -0.0961826   0.0132932    0.896914    -0.50419    0.418026   -0.677748    0.596159    0.477029   -0.556842
    0.83456  -0.0922993  -0.0192637    0.803829   -0.527506    0.423966   -0.638716    0.497698    0.453712   -0.470211
   0.869676   -0.088416  -0.0518207    0.710743   -0.550821    0.429906   -0.599685    0.399238    0.430395   -0.383579
   0.904792  -0.0845327  -0.0843776    0.617658   -0.574137    0.435846   -0.560653    0.300777    0.407079   -0.296948
   0.939908  -0.0806495   -0.116934    0.524572   -0.597452    0.441786   -0.521622    0.202317    0.383762   -0.210316
   0.975024  -0.0767662   -0.149491    0.431486   -0.620768    0.447726    -0.48259    0.103857    0.360445   -0.123685
       0.99  -0.0728829   -0.182048    0.338401   -0.644083    0.453666   -0.443559  0.00539626    0.337128  -0.0370529
   0.954884  -0.0689996   -0.214605    0.245315   -0.667398    0.459606   -0.404527  -0.0930641    0.313811   0.0495786
   0.919768  -0.0651163   -0.247162     0.15223   -0.690714    0.465546   -0.365496   -0.191524    0.290494     0.13621
   0.884652  -0.0612331   -0.279719   0.0591441   -0.714029    0.471486   -0.326464   -0.289985    0.267177    0.222842
   0.849536  -0.0573498   -0.312276  -0.0339414   -0.737345    0.477426   -0.287433   -0.388445     0.24386    0.309473
    0.81442  -0.0534665   -0.344833   -0.127027    -0.76066    0.483367   -0.248401   -0.486906    0.220544    0.396105
   0.779304  -0.0495832    -0.37739   -0.220113   -0.783976    0.489307    -0.20937   -0.585366    0.197227    0.482736
   0.744188  -0.0456999   -0.409947   -0.313198   -0.807291    0.495247   -0.170338   -0.683826     0.17391    0.569368
   0.709072  -0.0418167   -0.442503   -0.406284   -0.830606    0.501187   -0.131307   -0.782287    0.150593       0.656
   0.673956  -0.0379334    -0.47506   -0.499369   -0.853922    0.507127  -0.0922754   -0.880747    0.127276    0.742631
    0.63884  -0.0340501   -0.507617   -0.592455   -0.877237    0.513067  -0.0532439   -0.979207    0.103959    0.829263
   0.603724  -0.0301668   -0.540174    -0.68554   -0.900553    0.519007  -0.0142124       -0.99   0.0806423    0.915894
   0.568609  -0.0262836   -0.572731   -0.778626   -0.923868    0.524947   0.0248191    -0.89154   0.0573255        0.99
   0.533493  -0.0224003   -0.605288   -0.871712   -0.947184    0.530887   0.0638506   -0.793079   0.0340086    0.903368
   0.498377   -0.018517   -0.637845   -0.964797   -0.970499    0.536827    0.102882   -0.694619   0.0106917    0.816737
   0.463261  -0.0146337   -0.670402       -0.99       -0.99    0.542767    0.141914   -0.596159  -0.0126252    0.730105
   0.428145  -0.0107504   -0.702959   -0.896914   -0.966685    0.548707    0.180945   -0.497698   -0.035942    0.643474
   0.393029 -0.00686716   -0.735515   -0.803829   -0.943369    0.554647    0.219977   -0.399238  -0.0592589    0.556842
   0.357913 -0.00298388   -0.768072   -0.710743   -0.920054    0.560587    0.259008   -0.300777  -0.0825758    0.470211
   0.322797 0.000899396   -0.800629   -0.617658   -0.896738    0.566527     0.29804   -0.202317   -0.105893    0.383579
   0.287681  0.00478267   -0.833186   -0.524572   -0.873423    0.572467    0.337071   -0.103857    -0.12921    0.296948
   0.252565  0.00866595   -0.865743   -0.431486   -0.850107    0.578407    0.376103 -0.00539626   -0.152526    0.210316
   0.217449   0.0125492     -0.8983   -0.338401   -0.826792    0.584347    0.415134   0.0930641   -0.175843    0.123685
   0.182333   0.0164325   -0.930857   -0.245315   -0.803477    0.590287    0.454166    0.191524    -0.19916   0.0370529
   0.147217   0.0203158   -0.963414    -0.15223   -0.780161    0.596227    0.493197    0.289985   -0.222477  -0.0495786
   0.112101   0.0241991       -0.99  -0.0591441   -0.756846    0.602167    0.532229    0.388445   -0.245794    -0.13621
  0.0769847   0.0280823   -0.957443   0.0339414    -0.73353    0.608107     0.57126    0.486906   -0.269111   -0.222842
  0.0418688   0.0319656   -0.924886    0.127027   -0.710215    0.614047    0.610292    0.585366   -0.292428   -0.309473
 0.00675279   0.0358489   -0.892329    0.220113   -0.686899    0.619987    0.649323    0.683826   -0.315744   -0.396105
 -0.0283632   0.0397322   -0.859772    0.313198   -0.663584    0.625927    0.688355    0.782287   -0.339061   -0.482736
 -0.0634792   0.0436155   -0.827216    0.406284   -0.640269    0.631867    0.727386    0.880747   -0.362378   -0.569368
 -0.0985951   0.0474987   -0.794659    0.499369   -0.616953    0.637807    0.766418    0.979207   -0.385695      -0.656
  -0.133711    0.051382   -0.762102    0.592455   -0.593638    0.643747    0.805449        0.99   -0.409012   -0.742631
  -0.168827   0.0552653   -0.729545     0.68554   -0.570322    0.649687    0.844481     0.89154   -0.432329   -0.829263
  -0.203943   0.0591486   -0.696988    0.778626   -0.547007    0.655627    0.883512    0.793079   -0.455646   -0.915894
  -0.239059   0.0630319   -0.664431    0.871712   -0.523691    0.661567    0.922544    0.694619   -0.478963       -0.99
  -0.274175   0.0669151   -0.631874    0.964797   -0.500376    0.667507    0.961575    0.596159   -0.502279   -0.903368
  -0.309291   0.0707984   -0.599317        0.99   -0.477061    0.673447        0.99    0.497698   -0.525596   -0.816737
  -0.344407   0.0746817    -0.56676    0.896914   -0.453745    0.679387    0.950969    0.399238   -0.548913   -0.730105
  -0.379523    0.078565   -0.534204    0.803829    -0.43043    0.685327    0.911937    0.300777    -0.57223   -0.643474
  -0.414639   0.0824483   -0.501647    0.710743   -0.407114    0.691267    0.872905    0.202317   -0.595547   -0.556842
  -0.449755   0.0863315    -0.46909    0.617658   -0.383799    0.697207    0.833874    0.103857   -0.618864   -0.470211
  -0.484871   0.0902148   -0.436533    0.524572   -0.360483    0.703147    0.794842  0.00539626   -0.642181   -0.383579
  -0.519987   0.0940981   -0.403976    0.431486   -0.337168    0.709087    0.755811  -0.0930641   -0.665497   -0.296948
  -0.555103   0.0979814   -0.371419    0.338401   -0.313852    0.715027    0.716779   -0.191524   -0.688814   -0.210316
  -0.590219    0.101865   -0.338862    0.245315   -0.290537    0.720967    0.677748   -0.289985   -0.712131   -0.123685
  -0.625335    0.105748   -0.306305     0.15223   -0.267221    0.726907    0.638716   -0.388445   -0.735448  -0.0370529
  -0.660451    0.109631   -0.273748   0.0591441   -0.243906    0.732847    0.599685   -0.486906   -0.758765   0.0495786
  -0.695567    0.113514   -0.241191  -0.0339414    -0.22059    0.738787    0.560653   -0.585366   -0.782082     0.13621
  -0.730683    0.117398   -0.208635   -0.127027   -0.197275    0.744727    0.521622   -0.683826   -0.805399    0.222842
  -0.765799    0.121281   -0.176078   -0.220113    -0.17396    0.750668     0.48259   -0.782287   -0.828715    0.309473
  -0.800915    0.125164   -0.143521   -0.313198   -0.150644    0.756608    0.443559   -0.880747   -0.852032    0.396105
  -0.836031    0.129048   -0.110964   -0.406284   -0.127329    0.762548    0.404527   -0.979207   -0.875349    0.482736
  -0.871147    0.132931   -0.078407   -0.499369   -0.104013    0.768488    0.365496       -0.99   -0.898666    0.569368
  -0.906263    0.136814  -0.0458501   -0.592455  -0.0806977    0.774428    0.326464    -0.89154   -0.921983       0.656
  -0.941378    0.140697  -0.0132932    -0.68554  -0.0573823    0.780368    0.287433   -0.793079     -0.9453    0.742631
  -0.976494    0.144581   0.0192637   -0.778626  -0.0340668    0.786308    0.248401   -0.694619   -0.968617    0.829263
      -0.99    0.148464   0.0518207   -0.871712  -0.0107514    0.792248     0.20937   -0.596159       -0.99    0.915894
  -0.954884    0.152347   0.0843776   -0.964797   0.0125641    0.798188    0.170338   -0.497698   -0.966683        0.99
  -0.919768    0.156231    0.116934       -0.99   0.0358795    0.804128    0.131307   -0.399238   -0.943366    0.903368
  -0.884652    0.160114    0.149491   -0.896914    0.059195    0.810068   0.0922754   -0.300777   -0.920049    0.816737
  -0.849536    0.163997    0.182048   -0.803829   0.0825104    0.816008   0.0532439   -0.202317   -0.896733    0.730105
   -0.81442     0.16788    0.214605   -0.710743    0.105826    0.821948   0.0142124   -0.103857   -0.873416    0.643474
  -0.779304    0.171764    0.247162   -0.617658    0.129141    0.827888  -0.0248191 -0.00539626   -0.850099    0.556842
  -0.744188    0.175647    0.279719   -0.524572    0.152457    0.833828  -0.0638506   0.0930641   -0.826782    0.470211
  -0.709072     0.17953    0.312276   -0.431486    0.175772    0.839768   -0.102882    0.191524   -0.803465    0.383579
  -0.673956    0.183413    0.344833   -0.338401    0.199088    0.845708   -0.141914    0.289985   -0.780148    0.296948
   -0.63884    0.187297     0.37739   -0.245315    0.222403    0.851648   -0.180945    0.388445   -0.756831    0.210316
  -0.603724     0.19118    0.409947    -0.15223    0.245719    0.857588   -0.219977    0.486906   -0.733515    0.123685
  -0.568609    0.195063    0.442503  -0.0591441    0.269034    0.863528   -0.259008    0.585366   -0.710198   0.0370529
  -0.533493    0.198947     0.47506   0.0339414     0.29235    0.869468    -0.29804    0.683826   -0.686881  -0.0495786
  -0.498377     0.20283    0.507617    0.127027    0.315665    0.875408   -0.337071    0.782287   -0.663564    -0.13621
  -0.463261    0.206713    0.540174    0.220113     0.33898    0.881348   -0.376103    0.880747   -0.640247   -0.222842
  -0.428145    0.210596    0.572731    0.313198    0.362296    0.887288   -0.415134    0.979207    -0.61693   -0.309473
  -0.393029     0.21448    0.605288    0.406284    0.385611    0.893228   -0.454166        0.99   -0.593613   -0.396105
  -0.357913    0.218363    0.637845    0.499369    0.408927    0.899168   -0.493197     0.89154   -0.570297   -0.482736
  -0.322797    0.222246    0.670402    0.592455    0.432242    0.905108   -0.532229    0.793079    -0.54698   -0.569368
  -0.287681    0.226129    0.705501    0.682998    0.455558    0.911048    -0.57126    0.694619   -0.523663      -0.656
  -0.252565    0.230013    0.738047    0.629774    0.478873    0.916988   -0.610292    0.596159   -0.500346   -0.742631
  -0.217449    0.233896    0.770593     0.57655    0.502189    0.922928   -0.649323    0.497698   -0.477029   -0.829263
